-5.67674e-07
2.39168e-09
3.82763e-09
6.28525e-12
7.83732e-13
62.7302
62.7492
2.21342e-12
2.75935e-13
2.22145e-09
62.7275
3.1152e-10
1.08894e-11
1.33679e-12
62.8722
-2.33465e-10
2.54729e-13
62.7399
1.33679e-12
6.4981e-12
5.97957e-08
4.42326e-12
62.7625
4.8438e-10
1.02114e-10
-2.5519e-08
9.66502e-11
1.08978e-12
62.7241
62.7304
1.14561e-11
62.727
5.38729e-13
62.7265
62.7864
62.8601
62.727
1.46229e-10
2.61444e-13
62.7309
1.36307e-11
62.7279
1.28157e-12
3.65082e-09
62.727
2.1455e-12
5.06618e-13
62.727
-1.31268e-06
2.73571e-13
62.727
62.7271
2.09964e-12
6.06561e-13
-3.6155e-07
3.28245e-13
1.03312e-12
62.7332
62.7221
3.64361e-12
2.12724e-10
2.61444e-13
1.85742e-10
62.7293
8.09648e-11
-5.03255e-05
1.15256e-12
2.75251e-13
1.04909e-12
-1.10832e-10
1.09759e-11
62.7279
62.7324
3.07404e-13
-1.12263e-08
2.79103e-11
2.33219e-13
2.98313e-13
1.00708e-11
62.727
62.727
9.68268e-11
-2.15547e-05
62.7302
5.87624e-13
62.729
2.50916e-13
4.87706e-12
62.7374
2.0324e-10
2.47194e-13
5.91542e-10
1.12331e-10
9.73322e-13
62.7246
62.7265
4.74946e-06
-1.90091e-05
3.37009e-13
2.62289e-10


-1.00431e-18
-7.44927e-18
-7.44909e-18
-7.44939e-18
-7.44939e-18
-0.921198
-0.921191
-7.44939e-18
-7.44939e-18
-7.44929e-18
-0.921198
-7.44938e-18
-7.44939e-18
-7.44939e-18
-0.920881
-7.44939e-18
-7.44939e-18
-0.921196
-7.44939e-18
-7.44939e-18
-7.37788e-18
-7.44939e-18
-0.921179
-7.44938e-18
-7.44939e-18
-7.43636e-18
-7.44939e-18
-7.44939e-18
-0.921198
-0.921198
-7.44939e-18
-0.921198
-7.44939e-18
-0.921198
-0.921145
-0.920932
-0.921198
-7.44939e-18
-7.44939e-18
-0.921198
-7.44939e-18
-0.921198
-7.44939e-18
-7.44912e-18
-0.921198
-7.44939e-18
-7.44939e-18
-0.921198
2.70129e-17
-7.44939e-18
-0.921198
-0.921198
-7.44939e-18
-7.44939e-18
-4.83502e-18
-7.44939e-18
-7.44939e-18
-0.921198
-0.921198
-7.44939e-18
-7.44939e-18
-7.44939e-18
-7.44939e-18
-0.921198
-7.44939e-18
5.06457e-14
-7.44939e-18
-7.44939e-18
-7.44939e-18
-7.44939e-18
-7.44939e-18
-0.921198
-0.921198
-7.44939e-18
-7.44687e-18
-7.44939e-18
-7.44939e-18
-7.44939e-18
-7.44939e-18
-0.921198
-0.921198
-7.44939e-18
9.28467e-15
-0.921198
-7.44939e-18
-0.921198
-7.44939e-18
-7.44939e-18
-0.921197
-7.44939e-18
-7.44939e-18
-7.44938e-18
-7.44939e-18
-7.44939e-18
-0.921198
-0.921198
4.43697e-16
7.21948e-15
-7.44939e-18
-7.44939e-18


10
10
10
17
10
10
10
17
27
10
10
17
10
10
10
10
10
24
10
17
10
17
10
17
17
10
10
17
10
24
17
24
17
10
10
10
35
17
27
24
10
24
17
10
10
17
10
31
10
17
24
42
17
17
10
17
17
10
10
10
17
27
17
24
17
10
27
10
17
10
17
24
24
17
10
10
20
17
17
24
10
10
10
10
17
24
10
17
24
17
17
10
10
17
10
10
10
10
10
10


