1.0602e-06
-2.42368e-06
6.74262e-08
-1.97323e-06
-1.26353e-06
62.727
62.727
-2.9736e-07
-1.04564e-06
-2.16403e-06
62.727
8.07621e-07
3.85632e-07
-1.36515e-06
62.727
1.24224e-06
1.01827e-06
62.727
-1.36515e-06
-1.45009e-07
9.7388e-07
1.03381e-06
62.727
-7.98796e-07
-1.72137e-06
1.50329e-06
7.90699e-07
-1.56701e-06
62.727
62.727
8.17309e-07
62.727
1.94432e-07
62.727
62.727
62.727
62.727
7.06447e-07
1.81366e-06
62.727
1.30872e-07
62.727
-1.34022e-06
1.54604e-06
62.727
1.80235e-06
-1.4042e-06
62.727
-4.34032e-07
2.39802e-06
62.727
62.727
-1.97283e-06
2.63892e-07
2.88565e-06
1.4042e-06
-1.79807e-06
62.727
62.727
1.59714e-07
1.12624e-06
1.81366e-06
7.16203e-07
62.727
-6.62893e-08
2.06398e-06
2.13717e-06
-1.06873e-06
-3.3361e-07
-1.49821e-06
-1.01053e-06
62.727
62.727
5.64679e-07
-2.05021e-06
-2.26448e-06
-4.07159e-11
7.79854e-07
-1.76201e-06
62.727
62.727
6.65588e-07
-1.62988e-07
62.727
-1.45759e-06
62.727
6.86356e-07
-1.69576e-06
62.727
1.77039e-07
-7.37096e-07
-2.25893e-10
-2.32198e-07
5.47373e-07
62.727
62.727
2.7211e-06
7.4974e-07
2.57523e-06
1.17851e-06


1.5031e-17
1.10035e-16
-7.35846e-18
7.04231e-17
2.44806e-17
-0.921198
-0.921198
-5.68093e-18
1.44181e-17
8.62108e-17
-0.921198
5.59563e-18
-4.47516e-18
2.98231e-17
-0.921198
2.34138e-17
1.32881e-17
-0.921198
2.98231e-17
-7.02884e-18
1.15194e-17
1.3926e-17
-0.921198
5.31212e-18
5.1813e-17
3.77481e-17
5.05472e-18
4.16608e-17
-0.921198
-0.921198
5.9105e-18
-0.921198
-6.69331e-18
-0.921198
-0.921198
-0.921198
-0.921198
2.53194e-18
5.83375e-17
-0.921198
-7.10684e-18
-0.921198
2.84744e-17
4.03553e-17
-0.921198
5.75202e-17
3.19859e-17
-0.921198
-3.6817e-18
1.07561e-16
-0.921198
-0.921198
7.0392e-17
-6.0566e-18
1.59091e-16
3.19859e-17
5.72118e-17
-0.921198
-0.921198
-6.93922e-18
1.79191e-17
5.83375e-17
2.80955e-18
-0.921198
-7.3615e-18
7.77511e-17
8.39006e-17
1.53944e-17
-5.22347e-18
3.74434e-17
1.2974e-17
-0.921198
-0.921198
-1.07214e-18
7.66174e-17
9.51083e-17
-7.44939e-18
4.71404e-18
5.46441e-17
-0.921198
-0.921198
1.41075e-18
-6.91808e-18
-0.921198
3.50421e-17
-0.921198
1.97231e-18
5.00629e-17
-0.921198
-6.82253e-18
3.41683e-18
-7.44939e-18
-6.37106e-18
-1.45704e-18
-0.921198
-0.921198
1.40639e-16
3.79281e-18
1.25187e-16
2.03283e-17


64
62
64
62
58
56
58
62
52
62
54
64
60
58
60
62
50
60
58
62
64
62
60
64
64
64
62
60
56
60
62
56
58
56
58
60
52
64
52
60
60
58
60
64
52
60
56
56
64
56
54
48
60
58
64
56
60
56
56
58
64
52
64
58
64
64
52
54
60
62
62
58
60
60
64
60
50
56
62
54
54
62
64
60
58
58
52
62
60
64
52
62
62
60
56
56
64
64
54
62


