-59
76
3
69
-26
-54
-79
-88
-72
43
-23
-95
66
44
12
-11
81
-17
-97
-91
-70
32
-17
53
-9
21
35
-77
-80
97
-80
-82
-2
-19
-40
-87
40
69
51
-55
61
-7
67
83
86
-59
-34
-27
13
-66
-80
7
0
95
38
96
-20
-7
93
75
-45
-80
-20
-67
-13
57
96
-2
69
36
10
-13
-89
-4
-51
-26
32
47
-28
31
32
61
65
-45
-37
82
42
40
-38
78
-40
-22
4
-33
10
-69
-62
-28
-85
-41


-12.9949
60.593
-0.583181
61.5699
-3.81389
-7.99488
-12.7526
-8.50315
-16.7939
-12.2061
-4.51157
-15.5032
62.4168
-11.2061
-3.40702
-2.0839
58.8139
-1.59298
-17.5032
-11.5032
-14.7939
-6.3376
-1.59298
60.4301
-1.56992
-5.62333
-3.3376
-10.7526
-13.7526
58.6624
-13.7526
-15.7526
-0.272
-3.59298
-8.052
-20.7526
-6.00512
61.5699
59.9161
-8.99488
62.44
-0.808264
61.8402
60.8139
59.3767
-12.9949
-7.37667
-4.81389
-2.40702
-10.7939
-13.7526
-1.9161
-1
56.6624
-8.00512
57.6624
-4.59298
-0.808264
54.6624
59.593
-6.6624
-13.7526
-4.59298
-11.7939
-2.30068
62.1598
57.6624
-0.272
61.5699
-10.0051
-2.83918
-2.30068
-9.50315
-0.416819
-4.99488
-3.81389
-6.3376
59.8392
-5.81389
-7.3376
-6.3376
62.44
62.5117
-6.6624
-5.052
59.8139
-4.00512
-6.00512
-6.052
59.5116
-8.052
-3.51157
-1.15978
-6.37667
-2.83918
-13.7939
-6.79386
-5.81389
-18.7526
-9.052


7.24737
65.3007
0.51168
63.8402
5.948
12.2474
16.3962
26.4755
7.49685
4.6624
3.62333
19.4755
63.5117
5.6624
1.30068
1.83918
65.593
5.18611
17.4755
23.4755
9.49685
5.37667
5.18611
63.6993
1.69932
2.51157
8.37667
18.3962
15.3962
70.3767
15.3962
13.3962
0.48832
3.18611
6.00512
8.39622
8.052
63.8402
63.8392
11.2474
63.0736
1.9161
63.4168
67.593
67.5116
7.24737
4.3376
4.948
2.30068
13.4968
15.3962
0.808264
1
68.3767
6.052
69.3767
2.18611
1.9161
66.3767
64.3007
10.2061
15.3962
2.18611
12.4968
2.40702
64.4301
69.3767
0.48832
63.8402
4.052
1.0839
2.40702
25.4755
1.15978
15.2474
5.948
5.37667
65.4884
3.948
4.37667
5.37667
63.0736
63.272
10.2061
9.00512
66.593
10.052
8.052
8.00512
65.1608
6.00512
4.62333
0.416819
5.3376
1.0839
10.4968
17.4968
3.948
10.3962
5.00512


25
18
10
14
21
25
27
28
26
25
20
28
10
25
18
16
20
19
28
28
26
23
19
15
15
21
23
27
27
23
27
27
7
19
23
27
24
14
16
25
6
14
12
20
21
25
22
21
18
26
27
15
3
23
24
23
19
14
23
18
24
27
19
26
17
13
23
7
14
24
17
17
28
11
25
21
23
18
21
23
23
6
8
24
23
20
24
24
23
19
23
20
12
22
17
26
26
21
27
23


